warps:
  Loyus:
    world: world
    x: -111.66146772898833
    y: 71.0
    z: -6.115884828041765
    yaw: 170.4001
    pitch: 28.95001
  Loyus2:
    world: world
    x: -111.66146772898833
    y: 71.0
    z: -6.115884828041765
    yaw: 156.90012
    pitch: 90.0
