version: 0
spawns:
  '1':
    '1':
      x: -608
      y: 4
      z: -1770
      yaw: -275.9908
      pitch: 13.050056
    count: 3
    '2':
      x: -612
      y: 4
      z: -1771
      yaw: -250.49078
      pitch: 20.70005
    '3':
      x: -613
      y: 4
      z: -1778
      yaw: -250.49078
      pitch: 20.70005
